0 0.606250 0.288542 0.031250 0.027083
0 0.653125 0.128125 0.046875 0.027083
0 0.791406 0.057292 0.035937 0.022917
2 0.628906 0.792708 0.098437 0.122917
2 0.703906 0.637500 0.064062 0.029167
2 0.814063 0.656250 0.018750 0.025000
2 0.921094 0.438542 0.010937 0.014583
2 0.756250 0.081250 0.015625 0.025000
2 0.735938 0.047917 0.025000 0.037500
2 0.823438 0.019792 0.012500 0.014583
2 0.611719 0.332292 0.014063 0.014583
2 0.515625 0.591667 0.018750 0.016667
2 0.487500 0.563542 0.012500 0.022917
2 0.314844 0.578125 0.045312 0.031250
2 0.492188 0.436458 0.012500 0.022917
2 0.388281 0.368750 0.020313 0.020833
2 0.359375 0.330208 0.025000 0.018750
2 0.286719 0.301042 0.026562 0.014583
2 0.196875 0.368750 0.012500 0.012500
2 0.053125 0.429167 0.018750 0.012500
2 0.015625 0.418750 0.018750 0.012500
2 0.415625 0.272917 0.012500 0.016667
2 0.292187 0.341667 0.021875 0.020833
2 0.908594 0.231250 0.042188 0.079167
2 0.737500 0.904167 0.106250 0.075000
2 0.861719 0.972917 0.098437 0.054167
