0 0.603125 0.292708 0.031250 0.027083
0 0.649219 0.132292 0.048438 0.027083
0 0.788281 0.061458 0.035937 0.022917
2 0.625781 0.791667 0.101562 0.120833
2 0.706250 0.642708 0.056250 0.027083
2 0.812500 0.661458 0.021875 0.027083
2 0.919531 0.440625 0.014063 0.022917
2 0.755469 0.087500 0.017188 0.020833
2 0.733594 0.053125 0.026562 0.039583
2 0.610938 0.338542 0.015625 0.018750
2 0.515625 0.600000 0.025000 0.020833
2 0.488281 0.564583 0.017188 0.025000
2 0.313281 0.584375 0.051562 0.031250
2 0.490625 0.437500 0.015625 0.020833
2 0.385156 0.370833 0.017188 0.020833
2 0.355469 0.333333 0.026562 0.025000
2 0.194531 0.373958 0.014063 0.014583
2 0.056250 0.437500 0.025000 0.012500
2 0.290625 0.345833 0.018750 0.025000
2 0.900000 0.237500 0.046875 0.079167
2 0.732812 0.905208 0.096875 0.077083
2 0.861719 0.972917 0.098437 0.054167
2 0.290625 0.309375 0.028125 0.018750
2 0.412500 0.275000 0.012500 0.020833
2 0.010156 0.428125 0.017188 0.014583
2 0.818750 0.025000 0.009375 0.020833
