0 0.603125 0.293750 0.031250 0.025000
0 0.650000 0.135417 0.046875 0.029167
0 0.788281 0.063542 0.035937 0.022917
2 0.622656 0.795833 0.092188 0.116667
2 0.706250 0.641667 0.056250 0.029167
2 0.814844 0.660417 0.020313 0.025000
2 0.920312 0.443750 0.012500 0.020833
2 0.754687 0.087500 0.015625 0.025000
2 0.732812 0.052083 0.025000 0.037500
2 0.814844 0.021875 0.014063 0.018750
2 0.611719 0.338542 0.014063 0.018750
2 0.515625 0.601042 0.021875 0.022917
2 0.485938 0.567708 0.015625 0.027083
2 0.312500 0.585417 0.050000 0.029167
2 0.488281 0.439583 0.014063 0.020833
2 0.385156 0.370833 0.017188 0.020833
2 0.353125 0.332292 0.028125 0.022917
2 0.053125 0.438542 0.025000 0.018750
2 0.288281 0.343750 0.020313 0.025000
2 0.897656 0.236458 0.045312 0.072917
2 0.731250 0.904167 0.115625 0.087500
2 0.859375 0.973958 0.103125 0.052083
2 0.011719 0.430208 0.020313 0.018750
2 0.286719 0.310417 0.026562 0.016667
