0 0.610938 0.412500 0.034375 0.029167
0 0.659375 0.220833 0.050000 0.029167
0 0.809375 0.137500 0.037500 0.025000
0 0.524219 0.021875 0.029687 0.022917
0 0.669531 0.020833 0.020313 0.020833
2 0.286719 0.781250 0.064062 0.041667
2 0.511719 0.797917 0.023438 0.025000
2 0.478125 0.755208 0.012500 0.022917
2 0.481250 0.594792 0.015625 0.018750
2 0.618750 0.465625 0.012500 0.018750
2 0.368750 0.506250 0.018750 0.025000
2 0.398438 0.390625 0.012500 0.018750
2 0.336719 0.459375 0.020313 0.014583
2 0.261719 0.429167 0.032813 0.016667
2 0.965625 0.596875 0.015625 0.018750
2 0.774219 0.168750 0.017188 0.025000
2 0.746875 0.123958 0.028125 0.043750
2 0.839063 0.087500 0.012500 0.016667
2 0.855469 0.885417 0.017188 0.020833
2 0.156250 0.512500 0.015625 0.016667
2 0.265625 0.478125 0.028125 0.043750
2 0.936719 0.342708 0.057813 0.085417
