0 0.617969 0.435417 0.035937 0.033333
0 0.669531 0.233333 0.054688 0.033333
0 0.821094 0.145833 0.039062 0.029167
0 0.529687 0.023958 0.028125 0.022917
0 0.678125 0.020833 0.021875 0.025000
2 0.865625 0.932292 0.021875 0.022917
2 0.981250 0.628125 0.015625 0.022917
2 0.480469 0.797917 0.010937 0.025000
2 0.517188 0.839583 0.018750 0.012500
2 0.280469 0.821875 0.057813 0.043750
2 0.486719 0.625000 0.017188 0.020833
2 0.627344 0.492708 0.010937 0.018750
2 0.368750 0.534375 0.018750 0.022917
2 0.400000 0.412500 0.009375 0.020833
2 0.334375 0.484375 0.025000 0.027083
2 0.259375 0.450000 0.031250 0.016667
2 0.150000 0.538542 0.012500 0.014583
2 0.784375 0.182292 0.018750 0.027083
2 0.759375 0.134375 0.031250 0.052083
2 0.853125 0.096875 0.009375 0.014583
2 0.261719 0.504167 0.020313 0.029167
2 0.954688 0.366667 0.043750 0.087500
