0 0.614844 0.456250 0.035937 0.033333
0 0.665625 0.250000 0.053125 0.029167
0 0.821875 0.157292 0.037500 0.027083
0 0.525000 0.031250 0.031250 0.025000
0 0.677344 0.031250 0.020313 0.025000
2 0.135937 0.569792 0.015625 0.018750
2 0.360938 0.562500 0.021875 0.025000
2 0.325000 0.510417 0.025000 0.025000
2 0.243750 0.478125 0.025000 0.018750
2 0.392969 0.437500 0.010937 0.025000
2 0.481250 0.657292 0.015625 0.018750
2 0.623437 0.519792 0.012500 0.022917
2 0.267188 0.865625 0.068750 0.047917
2 0.511719 0.885417 0.020313 0.025000
2 0.874219 0.975000 0.014063 0.020833
2 0.986719 0.656250 0.014063 0.025000
2 0.783594 0.191667 0.017188 0.029167
2 0.756250 0.144792 0.028125 0.047917
2 0.852344 0.105208 0.014063 0.018750
2 0.250781 0.530208 0.020313 0.027083
2 0.953906 0.383333 0.051562 0.095833
