0 0.621875 0.545833 0.037500 0.041667
0 0.673438 0.311458 0.056250 0.035417
0 0.834375 0.209375 0.040625 0.031250
0 0.523438 0.069792 0.031250 0.022917
0 0.679688 0.066667 0.018750 0.025000
2 0.109375 0.671875 0.012500 0.018750
2 0.475000 0.775000 0.015625 0.025000
2 0.349219 0.662500 0.020313 0.029167
2 0.312500 0.603125 0.028125 0.031250
2 0.228125 0.567708 0.028125 0.018750
2 0.384375 0.518750 0.009375 0.025000
2 0.631250 0.613542 0.012500 0.018750
2 0.796875 0.247917 0.015625 0.020833
2 0.767969 0.194792 0.032813 0.052083
2 0.867188 0.151042 0.012500 0.022917
2 0.231250 0.625000 0.018750 0.025000
2 0.974219 0.460417 0.051562 0.112500
2 0.471875 0.990625 0.009375 0.018750
2 0.049219 0.416667 0.017188 0.020833
