0 0.625000 0.578125 0.040625 0.039583
0 0.678906 0.335417 0.057813 0.033333
0 0.843750 0.228125 0.037500 0.031250
0 0.689063 0.083333 0.021875 0.025000
0 0.527344 0.084375 0.032813 0.027083
2 0.100000 0.709375 0.015625 0.018750
2 0.476562 0.820833 0.012500 0.025000
2 0.637500 0.651042 0.018750 0.022917
2 0.346094 0.702083 0.020313 0.025000
2 0.311719 0.646875 0.020313 0.031250
2 0.224219 0.598958 0.035937 0.018750
2 0.381250 0.550000 0.015625 0.025000
2 0.803125 0.264583 0.018750 0.025000
2 0.775000 0.209375 0.031250 0.056250
2 0.876563 0.166667 0.012500 0.016667
2 0.040625 0.440625 0.015625 0.018750
2 0.224219 0.660417 0.020313 0.029167
2 0.987500 0.478125 0.025000 0.093750
