0 0.625000 0.602083 0.040625 0.041667
0 0.678906 0.350000 0.057813 0.033333
0 0.846875 0.239583 0.040625 0.033333
0 0.525781 0.092708 0.032813 0.027083
0 0.687500 0.091667 0.021875 0.025000
2 0.089063 0.738542 0.018750 0.018750
2 0.474219 0.853125 0.014063 0.018750
2 0.634375 0.673958 0.015625 0.018750
2 0.340625 0.735417 0.018750 0.029167
2 0.303125 0.669792 0.031250 0.022917
2 0.218750 0.626042 0.034375 0.018750
2 0.377344 0.576042 0.014063 0.022917
2 0.806250 0.282292 0.018750 0.027083
2 0.776563 0.223958 0.034375 0.056250
2 0.881250 0.181250 0.015625 0.020833
2 0.218750 0.687500 0.018750 0.025000
2 0.989844 0.490625 0.020313 0.085417
