0 0.628906 0.657292 0.039062 0.043750
0 0.682813 0.389583 0.059375 0.037500
0 0.853125 0.271875 0.043750 0.031250
0 0.524219 0.117708 0.035937 0.027083
0 0.689063 0.116667 0.021875 0.025000
2 0.074219 0.803125 0.014063 0.018750
2 0.471875 0.925000 0.018750 0.025000
2 0.333594 0.800000 0.023438 0.025000
2 0.293750 0.729167 0.031250 0.029167
2 0.206250 0.681250 0.034375 0.025000
2 0.371875 0.629167 0.012500 0.025000
2 0.639062 0.736458 0.015625 0.022917
2 0.812500 0.313542 0.018750 0.027083
2 0.780469 0.250000 0.032813 0.058333
2 0.886719 0.209375 0.014063 0.022917
2 0.015625 0.506250 0.018750 0.020833
2 0.208594 0.750000 0.017188 0.037500
2 0.990625 0.522917 0.018750 0.058333
