0 0.629687 0.695833 0.040625 0.045833
0 0.685156 0.415625 0.064062 0.039583
0 0.858594 0.293750 0.048438 0.033333
0 0.522656 0.136458 0.035937 0.027083
0 0.690625 0.134375 0.025000 0.027083
2 0.062500 0.851042 0.015625 0.018750
2 0.471094 0.977083 0.014063 0.025000
2 0.640625 0.777083 0.015625 0.020833
2 0.328125 0.843750 0.018750 0.025000
2 0.284375 0.767708 0.034375 0.031250
2 0.193750 0.722917 0.034375 0.020833
2 0.367188 0.664583 0.012500 0.025000
2 0.815625 0.338542 0.021875 0.035417
2 0.784375 0.278125 0.034375 0.064583
2 0.890625 0.225000 0.015625 0.016667
2 0.197656 0.794792 0.026562 0.043750
2 0.992969 0.538542 0.014063 0.039583
