0 0.633594 0.727083 0.042188 0.045833
0 0.688281 0.436458 0.060937 0.039583
0 0.863281 0.310417 0.042188 0.033333
0 0.523438 0.148958 0.034375 0.027083
0 0.694531 0.145833 0.023438 0.025000
2 0.325000 0.878125 0.025000 0.035417
2 0.283594 0.802083 0.032813 0.037500
2 0.193750 0.753125 0.043750 0.022917
2 0.365625 0.690625 0.015625 0.031250
2 0.643750 0.809375 0.015625 0.022917
2 0.821875 0.357292 0.018750 0.031250
2 0.789844 0.294792 0.032813 0.060417
2 0.896094 0.242708 0.014063 0.018750
2 0.192969 0.827083 0.023438 0.033333
