0 0.641406 0.880208 0.045312 0.052083
0 0.698438 0.538542 0.065625 0.043750
0 0.885156 0.393750 0.048438 0.037500
0 0.521094 0.210417 0.039062 0.029167
0 0.701562 0.208333 0.028125 0.029167
2 0.653125 0.982292 0.015625 0.022917
2 0.258594 0.971875 0.032813 0.031250
2 0.158594 0.908333 0.042188 0.025000
2 0.349219 0.844792 0.010937 0.035417
2 0.840625 0.442708 0.021875 0.035417
2 0.806250 0.371875 0.037500 0.068750
2 0.917188 0.316667 0.015625 0.025000
2 0.200000 0.922917 0.015625 0.020833
2 0.156250 0.989583 0.021875 0.020833
