0 0.735156 0.870833 0.079687 0.070833
0 0.953906 0.651042 0.051562 0.047917
0 0.515625 0.396875 0.046875 0.039583
0 0.726562 0.390625 0.028125 0.035417
0 0.573438 0.095833 0.025000 0.029167
0 0.660156 0.019792 0.023438 0.018750
2 0.903125 0.727083 0.025000 0.050000
2 0.856250 0.620833 0.050000 0.100000
2 0.985938 0.537500 0.012500 0.025000
2 0.293750 0.066667 0.009375 0.016667
2 0.531250 0.032292 0.015625 0.027083
2 0.683594 0.422917 0.007812 0.016667
2 0.746875 0.301042 0.021875 0.022917
2 0.736719 0.211458 0.014063 0.018750
2 0.689844 0.235417 0.014063 0.025000
