0 0.743750 0.963542 0.081250 0.072917
0 0.970313 0.720833 0.053125 0.054167
0 0.515625 0.445833 0.043750 0.045833
0 0.732812 0.438542 0.028125 0.039583
0 0.575781 0.126042 0.026562 0.027083
0 0.660937 0.040625 0.025000 0.027083
0 0.447656 0.006250 0.017188 0.008333
2 0.918750 0.803125 0.025000 0.043750
2 0.870313 0.691667 0.043750 0.091667
2 0.286719 0.092708 0.010937 0.018750
2 0.531250 0.060417 0.015625 0.025000
2 0.753125 0.341667 0.018750 0.016667
2 0.696875 0.271875 0.015625 0.035417
2 0.244531 0.553125 0.010937 0.014583
