0 0.782813 0.592708 0.075000 0.081250
0 0.645312 0.294792 0.075000 0.064583
0 0.704688 0.227083 0.062500 0.045833
0 0.650000 0.012500 0.031250 0.020833
2 0.833594 0.045833 0.023438 0.037500
2 0.918750 0.018750 0.012500 0.012500
2 0.986719 0.239583 0.026562 0.066667
2 0.701562 0.794792 0.090625 0.122917
2 0.796094 0.904167 0.042188 0.041667
2 0.898438 0.977083 0.031250 0.029167
2 0.391406 0.531250 0.045312 0.037500
2 0.502344 0.543750 0.014063 0.020833
2 0.561719 0.532292 0.014063 0.031250
2 0.378125 0.298958 0.018750 0.027083
2 0.443750 0.295833 0.018750 0.020833
2 0.472656 0.333333 0.014063 0.020833
