0 0.790625 0.628125 0.075000 0.085417
0 0.649219 0.316667 0.079687 0.062500
0 0.710938 0.247917 0.059375 0.045833
0 0.651563 0.023958 0.031250 0.022917
2 0.839844 0.058333 0.023438 0.037500
2 0.925000 0.031250 0.012500 0.012500
2 0.700000 0.830208 0.096875 0.135417
2 0.390625 0.564583 0.046875 0.037500
2 0.563281 0.565625 0.010937 0.022917
2 0.592187 0.600000 0.018750 0.020833
2 0.442969 0.315625 0.020313 0.018750
2 0.378125 0.322917 0.018750 0.029167
2 0.474219 0.356250 0.014063 0.025000
2 0.992969 0.244792 0.014063 0.043750
