0 0.799219 0.664583 0.076563 0.087500
0 0.653906 0.340625 0.079687 0.068750
0 0.715625 0.267708 0.059375 0.047917
0 0.657813 0.039583 0.028125 0.020833
2 0.850000 0.076042 0.021875 0.035417
2 0.871875 0.119792 0.012500 0.018750
2 0.939063 0.046875 0.012500 0.014583
2 0.714063 0.888542 0.106250 0.152083
2 0.594531 0.639583 0.023438 0.025000
2 0.567187 0.600000 0.012500 0.020833
2 0.390625 0.598958 0.050000 0.039583
2 0.444531 0.338542 0.020313 0.027083
2 0.475000 0.380208 0.012500 0.018750
2 0.378125 0.343750 0.018750 0.025000
