0 0.762500 0.944792 0.090625 0.110417
0 0.555469 0.539583 0.092188 0.091667
0 0.617188 0.428125 0.065625 0.052083
0 0.523438 0.140625 0.031250 0.035417
0 0.322656 0.019792 0.039062 0.035417
0 0.604688 0.008333 0.040625 0.012500
2 0.761719 0.205208 0.017188 0.031250
2 0.730469 0.155208 0.026562 0.043750
2 0.818750 0.110417 0.015625 0.020833
2 0.484375 0.925000 0.015625 0.045833
2 0.231250 0.601042 0.025000 0.031250
2 0.946094 0.396875 0.057813 0.093750
2 0.314844 0.578125 0.017188 0.027083
2 0.353906 0.634375 0.014063 0.027083
