0 0.778125 0.984375 0.034375 0.031250
0 0.559375 0.590625 0.093750 0.089583
0 0.621094 0.465625 0.082812 0.060417
0 0.527344 0.165625 0.035937 0.031250
0 0.325000 0.037500 0.046875 0.037500
0 0.614844 0.019792 0.051562 0.031250
2 0.621875 0.611458 0.015625 0.031250
2 0.771094 0.233333 0.017188 0.025000
2 0.737500 0.182292 0.025000 0.043750
2 0.830469 0.135417 0.010937 0.016667
2 0.218750 0.650000 0.021875 0.033333
2 0.309375 0.633333 0.018750 0.025000
2 0.346875 0.687500 0.018750 0.025000
2 0.959375 0.440625 0.059375 0.110417
2 0.727344 0.012500 0.010937 0.012500
