0 0.557813 0.642708 0.096875 0.093750
0 0.625000 0.510417 0.071875 0.054167
0 0.524219 0.190625 0.032813 0.035417
0 0.318750 0.056250 0.046875 0.037500
0 0.607812 0.036458 0.043750 0.031250
2 0.627344 0.664583 0.017188 0.029167
2 0.775000 0.263542 0.021875 0.035417
2 0.743750 0.207292 0.031250 0.047917
2 0.835938 0.158333 0.012500 0.016667
2 0.206250 0.643750 0.034375 0.025000
2 0.210938 0.707292 0.025000 0.035417
2 0.971875 0.478125 0.053125 0.110417
2 0.732031 0.030208 0.014063 0.014583
2 0.685156 0.114583 0.010937 0.020833
2 0.719531 0.160417 0.010937 0.020833
2 0.930469 0.153125 0.010937 0.018750
