0 0.558594 0.687500 0.098437 0.100000
0 0.630469 0.546875 0.079687 0.056250
0 0.526563 0.211458 0.031250 0.031250
0 0.314063 0.072917 0.046875 0.037500
0 0.611719 0.046875 0.042188 0.031250
2 0.471875 0.910417 0.018750 0.033333
2 0.630469 0.708333 0.014063 0.025000
2 0.333594 0.790625 0.020313 0.031250
2 0.290625 0.726042 0.025000 0.027083
2 0.363281 0.619792 0.010937 0.027083
2 0.781250 0.285417 0.018750 0.033333
2 0.746094 0.229167 0.035937 0.054167
2 0.842969 0.176042 0.014063 0.018750
2 0.974219 0.503125 0.051562 0.106250
2 0.203125 0.755208 0.028125 0.039583
2 0.733594 0.043750 0.010937 0.016667
