0 0.558594 0.743750 0.098437 0.100000
0 0.625000 0.588542 0.087500 0.060417
0 0.525000 0.241667 0.031250 0.029167
0 0.306250 0.100000 0.043750 0.037500
0 0.611719 0.075000 0.042188 0.025000
2 0.471094 0.972917 0.014063 0.025000
2 0.630469 0.760417 0.014063 0.025000
2 0.784375 0.315625 0.018750 0.031250
2 0.750000 0.259375 0.034375 0.056250
2 0.846875 0.204167 0.015625 0.020833
2 0.321875 0.844792 0.025000 0.035417
2 0.355469 0.666667 0.010937 0.025000
2 0.283594 0.781250 0.023438 0.025000
2 0.978125 0.540625 0.043750 0.106250
2 0.187500 0.806250 0.028125 0.037500
2 0.187500 0.734375 0.037500 0.031250
2 0.733594 0.065625 0.010937 0.018750
2 0.943750 0.196875 0.012500 0.018750
