0 0.558594 0.782292 0.104688 0.102083
0 0.626563 0.618750 0.090625 0.062500
0 0.525781 0.265625 0.035937 0.031250
0 0.306250 0.115625 0.046875 0.035417
0 0.610156 0.093750 0.042188 0.025000
2 0.317969 0.893750 0.020313 0.037500
2 0.353125 0.698958 0.012500 0.039583
2 0.271094 0.822917 0.035937 0.037500
2 0.634375 0.803125 0.012500 0.018750
2 0.787500 0.341667 0.018750 0.029167
2 0.753125 0.278125 0.037500 0.056250
2 0.852344 0.226042 0.014063 0.014583
2 0.981250 0.556250 0.037500 0.095833
2 0.179688 0.853125 0.028125 0.043750
2 0.179688 0.775000 0.031250 0.025000
2 0.042969 0.618750 0.020313 0.025000
2 0.737500 0.083333 0.012500 0.012500
2 0.946875 0.215625 0.015625 0.018750
