0 0.565625 0.832292 0.106250 0.110417
0 0.633594 0.661458 0.095312 0.068750
0 0.528906 0.283333 0.032813 0.029167
0 0.307031 0.128125 0.045312 0.039583
0 0.617188 0.107292 0.043750 0.027083
2 0.640625 0.852083 0.021875 0.025000
2 0.317969 0.945833 0.020313 0.037500
2 0.267969 0.866667 0.035937 0.033333
2 0.353125 0.747917 0.015625 0.033333
2 0.800000 0.364583 0.018750 0.025000
2 0.762500 0.302083 0.034375 0.058333
2 0.862500 0.241667 0.015625 0.016667
2 0.174219 0.896875 0.023438 0.039583
2 0.176563 0.826042 0.034375 0.027083
2 0.745313 0.094792 0.012500 0.014583
2 0.963281 0.233333 0.014063 0.020833
