0 0.735156 0.333333 0.017188 0.033333
0 0.508594 0.189583 0.010937 0.025000
2 0.564844 0.478125 0.129688 0.131250
2 0.714844 0.585417 0.107813 0.058333
2 0.293750 0.283333 0.034375 0.025000
2 0.441406 0.292708 0.010937 0.014583
2 0.464062 0.314583 0.015625 0.016667
2 0.456250 0.206250 0.012500 0.012500
2 0.546094 0.232292 0.010937 0.014583
2 0.843750 0.090625 0.043750 0.056250
2 0.474219 0.135417 0.039062 0.054167
2 0.302344 0.126042 0.017188 0.018750
2 0.380469 0.151042 0.010937 0.018750
2 0.353125 0.121875 0.021875 0.018750
