0 0.730469 0.347917 0.020313 0.033333
0 0.498437 0.200000 0.009375 0.025000
2 0.564844 0.500000 0.139063 0.137500
2 0.714063 0.610417 0.106250 0.058333
2 0.286719 0.304167 0.035937 0.020833
2 0.432812 0.308333 0.012500 0.016667
2 0.455469 0.329167 0.017188 0.016667
2 0.446094 0.215625 0.014063 0.018750
2 0.458594 0.146875 0.057813 0.068750
2 0.396094 0.093750 0.010937 0.012500
2 0.415625 0.097917 0.009375 0.012500
2 0.561719 0.151042 0.010937 0.014583
2 0.834375 0.094792 0.043750 0.060417
2 0.815625 0.243750 0.012500 0.012500
2 0.212500 0.040625 0.012500 0.018750
