0 0.737500 0.361458 0.018750 0.035417
0 0.501563 0.205208 0.012500 0.022917
2 0.564844 0.515625 0.148438 0.156250
2 0.756250 0.647917 0.184375 0.091667
2 0.290625 0.312500 0.043750 0.025000
2 0.431250 0.316667 0.012500 0.016667
2 0.456250 0.334375 0.015625 0.018750
2 0.446875 0.222917 0.012500 0.016667
2 0.846094 0.096875 0.032813 0.056250
2 0.825000 0.253125 0.009375 0.018750
2 0.565625 0.157292 0.009375 0.014583
2 0.464844 0.154167 0.045312 0.066667
2 0.349219 0.136458 0.017188 0.018750
2 0.289844 0.114583 0.017188 0.016667
2 0.291406 0.143750 0.014063 0.020833
