0 0.717187 0.409375 0.021875 0.039583
0 0.469531 0.247917 0.014063 0.029167
2 0.543750 0.594792 0.159375 0.156250
2 0.750000 0.722917 0.196875 0.087500
2 0.243750 0.377083 0.034375 0.025000
2 0.400000 0.372917 0.012500 0.020833
2 0.421875 0.395833 0.021875 0.020833
2 0.804688 0.287500 0.012500 0.020833
2 0.823438 0.120833 0.040625 0.062500
2 0.427344 0.196875 0.051562 0.081250
2 0.415625 0.267708 0.012500 0.018750
2 0.333594 0.212500 0.010937 0.020833
2 0.309375 0.180208 0.015625 0.018750
2 0.248438 0.186458 0.015625 0.018750
2 0.534375 0.192708 0.015625 0.018750
2 0.359375 0.135417 0.012500 0.016667
2 0.382812 0.141667 0.012500 0.016667
