0 0.702344 0.458333 0.023438 0.037500
0 0.444531 0.294792 0.014063 0.027083
2 0.521094 0.653125 0.148438 0.156250
2 0.742188 0.797917 0.206250 0.087500
2 0.214844 0.438542 0.042188 0.031250
2 0.374219 0.425000 0.010937 0.025000
2 0.398438 0.453125 0.015625 0.018750
2 0.272656 0.226042 0.023438 0.018750
2 0.299219 0.260417 0.010937 0.025000
2 0.210938 0.201042 0.021875 0.014583
2 0.212500 0.231250 0.018750 0.025000
2 0.396875 0.234375 0.053125 0.093750
2 0.387500 0.319792 0.009375 0.018750
2 0.509375 0.231250 0.012500 0.020833
2 0.787500 0.328125 0.012500 0.018750
2 0.800000 0.147917 0.040625 0.066667
2 0.672656 0.013542 0.017188 0.022917
