0 0.710938 0.516667 0.021875 0.037500
0 0.442969 0.336458 0.014063 0.031250
2 0.532813 0.741667 0.165625 0.170833
2 0.652344 0.841667 0.035937 0.025000
2 0.731250 0.883333 0.078125 0.037500
2 0.850000 0.928125 0.025000 0.031250
2 0.368750 0.478125 0.015625 0.031250
2 0.395313 0.510417 0.018750 0.016667
2 0.196875 0.491667 0.037500 0.029167
2 0.293750 0.300000 0.018750 0.025000
2 0.264844 0.262500 0.023438 0.025000
2 0.202344 0.236458 0.029687 0.018750
2 0.203906 0.275000 0.023438 0.025000
2 0.323437 0.211458 0.015625 0.031250
2 0.348438 0.216667 0.012500 0.016667
2 0.393750 0.278125 0.059375 0.093750
2 0.382031 0.362500 0.014063 0.020833
2 0.511719 0.272917 0.014063 0.020833
2 0.810937 0.183333 0.043750 0.066667
2 0.796875 0.372917 0.018750 0.025000
2 0.675000 0.035417 0.015625 0.029167
2 0.658594 0.010417 0.020313 0.016667
2 0.946094 0.338542 0.017188 0.022917
