0 0.715625 0.577083 0.025000 0.045833
0 0.436719 0.385417 0.017188 0.033333
2 0.485938 0.780208 0.096875 0.131250
2 0.571875 0.885417 0.059375 0.050000
2 0.698438 0.958333 0.093750 0.050000
2 0.185938 0.553125 0.046875 0.035417
2 0.361719 0.538542 0.014063 0.022917
2 0.282813 0.344792 0.015625 0.022917
2 0.250000 0.300000 0.025000 0.025000
2 0.184375 0.278125 0.025000 0.018750
2 0.185938 0.314583 0.021875 0.025000
2 0.384375 0.319792 0.059375 0.106250
2 0.314063 0.245833 0.015625 0.025000
2 0.506250 0.312500 0.018750 0.025000
2 0.815625 0.212500 0.050000 0.075000
2 0.678125 0.058333 0.018750 0.037500
2 0.657813 0.025000 0.025000 0.037500
2 0.384375 0.569792 0.018750 0.018750
