0 0.721875 0.612500 0.025000 0.045833
0 0.435937 0.412500 0.015625 0.033333
0 0.631250 0.008333 0.028125 0.012500
2 0.467187 0.800000 0.062500 0.083333
2 0.550781 0.911458 0.120313 0.114583
2 0.357031 0.572917 0.010937 0.020833
2 0.384375 0.605208 0.018750 0.022917
2 0.178906 0.589583 0.051562 0.033333
2 0.374219 0.439583 0.014063 0.020833
2 0.385937 0.341667 0.059375 0.100000
2 0.279687 0.369792 0.015625 0.022917
2 0.248438 0.327083 0.025000 0.025000
2 0.182812 0.302083 0.028125 0.020833
2 0.182031 0.339583 0.020313 0.020833
2 0.312500 0.269792 0.015625 0.022917
2 0.337500 0.277083 0.012500 0.020833
2 0.507031 0.337500 0.010937 0.020833
2 0.821094 0.235417 0.045312 0.079167
2 0.664062 0.041667 0.025000 0.037500
2 0.685156 0.075000 0.017188 0.033333
