0 0.725000 0.638542 0.028125 0.043750
0 0.431250 0.433333 0.015625 0.033333
0 0.628906 0.018750 0.032813 0.016667
2 0.481250 0.869792 0.096875 0.143750
2 0.567187 0.971875 0.056250 0.056250
2 0.171875 0.615625 0.050000 0.039583
2 0.350000 0.601042 0.012500 0.031250
2 0.378125 0.634375 0.021875 0.022917
2 0.367969 0.465625 0.010937 0.018750
2 0.380469 0.366667 0.060937 0.112500
2 0.271094 0.390625 0.010937 0.018750
2 0.242188 0.348958 0.025000 0.031250
2 0.174219 0.321875 0.029687 0.018750
2 0.174219 0.359375 0.020313 0.027083
2 0.306250 0.287500 0.015625 0.020833
2 0.331250 0.293750 0.009375 0.016667
2 0.506250 0.357292 0.012500 0.018750
2 0.823438 0.252083 0.043750 0.075000
2 0.661719 0.053125 0.023438 0.039583
2 0.683594 0.088542 0.017188 0.031250
2 0.815625 0.471875 0.012500 0.018750
2 0.971875 0.432292 0.012500 0.018750
