0 0.732031 0.683333 0.026562 0.045833
0 0.432031 0.466667 0.017188 0.033333
0 0.633594 0.034375 0.032813 0.018750
2 0.496094 0.948958 0.082812 0.102083
2 0.162500 0.656250 0.046875 0.037500
2 0.346875 0.639583 0.015625 0.025000
2 0.379688 0.678125 0.018750 0.018750
2 0.168750 0.387500 0.021875 0.025000
2 0.239844 0.379167 0.026562 0.029167
2 0.271094 0.418750 0.014063 0.029167
2 0.380469 0.394792 0.064062 0.114583
2 0.367969 0.498958 0.017188 0.022917
2 0.508594 0.384375 0.017188 0.022917
2 0.831250 0.275000 0.040625 0.075000
2 0.825000 0.506250 0.012500 0.020833
2 0.686719 0.107292 0.017188 0.035417
2 0.665625 0.069792 0.025000 0.039583
2 0.710156 0.665625 0.014063 0.027083
2 0.689844 0.761458 0.014063 0.027083
2 0.543750 0.642708 0.012500 0.022917
2 0.909375 0.613542 0.012500 0.022917
