0 0.735938 0.717708 0.025000 0.052083
0 0.430469 0.491667 0.017188 0.033333
0 0.635156 0.045833 0.029687 0.016667
2 0.156250 0.690625 0.050000 0.043750
2 0.344531 0.670833 0.017188 0.029167
2 0.371094 0.711458 0.026562 0.022917
2 0.364844 0.522917 0.017188 0.029167
2 0.375000 0.418750 0.062500 0.112500
2 0.261719 0.438542 0.017188 0.027083
2 0.231250 0.394792 0.025000 0.027083
2 0.164844 0.364583 0.029687 0.020833
2 0.162500 0.413542 0.021875 0.027083
2 0.300000 0.335417 0.009375 0.016667
2 0.328125 0.339583 0.012500 0.020833
2 0.506250 0.407292 0.015625 0.022917
2 0.831250 0.534375 0.012500 0.027083
2 0.836719 0.293750 0.057813 0.087500
2 0.667969 0.084375 0.023438 0.043750
2 0.689844 0.116667 0.017188 0.037500
2 0.915625 0.644792 0.012500 0.027083
2 0.694531 0.796875 0.010937 0.022917
2 0.714063 0.695833 0.012500 0.025000
