0 0.739844 0.763542 0.026562 0.052083
0 0.425781 0.527083 0.017188 0.037500
0 0.635156 0.065625 0.032813 0.018750
2 0.140625 0.741667 0.059375 0.041667
2 0.335938 0.718750 0.012500 0.025000
2 0.366406 0.759375 0.023438 0.027083
2 0.358594 0.561458 0.017188 0.031250
2 0.371875 0.450000 0.065625 0.125000
2 0.154688 0.397917 0.031250 0.016667
2 0.149219 0.439583 0.020313 0.025000
2 0.225000 0.432292 0.025000 0.022917
2 0.254688 0.479167 0.012500 0.025000
2 0.293750 0.361458 0.012500 0.018750
2 0.321875 0.371875 0.012500 0.018750
2 0.505469 0.439583 0.014063 0.025000
2 0.835156 0.568750 0.017188 0.025000
2 0.835938 0.318750 0.056250 0.087500
2 0.665625 0.098958 0.025000 0.043750
2 0.691406 0.139583 0.020313 0.037500
2 0.925000 0.682292 0.015625 0.027083
2 0.725000 0.701042 0.015625 0.027083
