0 0.754687 0.858333 0.025000 0.054167
0 0.422656 0.592708 0.017188 0.035417
0 0.639844 0.091667 0.032813 0.020833
0 0.359375 0.010417 0.025000 0.016667
2 0.124219 0.827083 0.057813 0.050000
2 0.328906 0.807292 0.017188 0.027083
2 0.359375 0.851042 0.025000 0.022917
2 0.348438 0.628125 0.015625 0.027083
2 0.137500 0.450000 0.028125 0.020833
2 0.134375 0.503125 0.025000 0.035417
2 0.209375 0.481250 0.025000 0.029167
2 0.243750 0.538542 0.015625 0.031250
2 0.365625 0.504167 0.065625 0.125000
2 0.506250 0.495833 0.012500 0.025000
2 0.856250 0.641667 0.018750 0.025000
2 0.855469 0.367708 0.057813 0.093750
2 0.675000 0.130208 0.021875 0.043750
2 0.699219 0.172917 0.020313 0.037500
2 0.283594 0.412500 0.010937 0.016667
2 0.314844 0.417708 0.010937 0.018750
2 0.738281 0.786458 0.010937 0.018750
2 0.728906 0.833333 0.014063 0.025000
2 0.709375 0.951042 0.015625 0.022917
2 0.948438 0.766667 0.012500 0.020833
