0 0.759375 0.914583 0.025000 0.058333
0 0.417969 0.636458 0.017188 0.039583
0 0.639062 0.110417 0.031250 0.016667
0 0.353906 0.026042 0.026562 0.027083
2 0.106250 0.883333 0.062500 0.050000
2 0.318750 0.863542 0.015625 0.035417
2 0.352344 0.910417 0.026562 0.029167
2 0.861719 0.687500 0.017188 0.025000
2 0.345313 0.675000 0.015625 0.025000
2 0.358594 0.543750 0.073438 0.137500
2 0.503125 0.534375 0.012500 0.031250
2 0.236719 0.577083 0.020313 0.025000
2 0.202344 0.521875 0.029687 0.031250
2 0.126562 0.485417 0.034375 0.020833
2 0.123438 0.534375 0.021875 0.022917
2 0.276562 0.444792 0.012500 0.027083
2 0.306250 0.452083 0.012500 0.025000
2 0.860938 0.397917 0.053125 0.100000
2 0.671875 0.147917 0.025000 0.045833
2 0.696875 0.189583 0.018750 0.037500
2 0.956250 0.816667 0.015625 0.025000
2 0.733594 0.889583 0.017188 0.025000
