0 0.766406 0.966667 0.026562 0.066667
0 0.416406 0.669792 0.017188 0.039583
0 0.641406 0.128125 0.032813 0.014583
0 0.353906 0.040625 0.023438 0.018750
2 0.965625 0.857292 0.015625 0.031250
2 0.867969 0.718750 0.017188 0.025000
2 0.865625 0.422917 0.062500 0.104167
2 0.676562 0.165625 0.025000 0.043750
2 0.703125 0.210417 0.018750 0.033333
2 0.501563 0.561458 0.015625 0.018750
2 0.314844 0.909375 0.017188 0.031250
2 0.345313 0.955208 0.025000 0.031250
2 0.100000 0.923958 0.062500 0.056250
2 0.337500 0.709375 0.015625 0.027083
2 0.359375 0.566667 0.062500 0.125000
2 0.230469 0.607292 0.020313 0.031250
2 0.114844 0.564583 0.020313 0.025000
2 0.121094 0.513542 0.029687 0.018750
2 0.200000 0.554167 0.021875 0.025000
2 0.273438 0.475000 0.012500 0.025000
2 0.301563 0.480208 0.012500 0.018750
