0 0.772656 0.990625 0.026562 0.018750
0 0.412500 0.705208 0.015625 0.043750
0 0.641406 0.142708 0.032813 0.018750
0 0.350000 0.053125 0.025000 0.018750
2 0.874219 0.753125 0.014063 0.031250
2 0.975000 0.901042 0.012500 0.027083
2 0.500000 0.592708 0.015625 0.022917
2 0.307812 0.953125 0.012500 0.031250
2 0.081250 0.971875 0.053125 0.043750
2 0.333594 0.747917 0.010937 0.020833
2 0.349219 0.605208 0.070312 0.143750
2 0.868750 0.448958 0.056250 0.110417
2 0.675000 0.181250 0.018750 0.037500
2 0.702344 0.229167 0.017188 0.037500
2 0.221094 0.641667 0.017188 0.029167
2 0.109375 0.544792 0.031250 0.018750
2 0.187500 0.582292 0.028125 0.031250
2 0.106250 0.600000 0.018750 0.037500
2 0.265625 0.498958 0.012500 0.022917
