0 0.409375 0.755208 0.015625 0.043750
0 0.644531 0.166667 0.032813 0.016667
0 0.348438 0.073958 0.028125 0.022917
2 0.992188 0.964583 0.015625 0.029167
2 0.885938 0.813542 0.015625 0.027083
2 0.500781 0.636458 0.014063 0.022917
2 0.328125 0.800000 0.015625 0.025000
2 0.346875 0.646875 0.071875 0.147917
2 0.212500 0.686458 0.021875 0.035417
2 0.178906 0.626042 0.026562 0.027083
2 0.098437 0.582292 0.031250 0.022917
2 0.091406 0.639583 0.023438 0.029167
2 0.260156 0.536458 0.017188 0.031250
2 0.873437 0.483333 0.056250 0.108333
2 0.680469 0.208333 0.020313 0.041667
2 0.706250 0.254167 0.015625 0.037500
