0 0.403906 0.809375 0.017188 0.043750
0 0.645312 0.187500 0.037500 0.016667
0 0.342969 0.093750 0.026562 0.025000
2 0.895312 0.867708 0.012500 0.022917
2 0.889062 0.518750 0.068750 0.112500
2 0.680469 0.231250 0.023438 0.050000
2 0.708594 0.279167 0.017188 0.041667
2 0.499219 0.682292 0.014063 0.022917
2 0.320312 0.856250 0.012500 0.020833
2 0.342969 0.689583 0.073438 0.154167
2 0.088281 0.626042 0.035937 0.018750
2 0.164844 0.669792 0.026562 0.031250
2 0.201563 0.735417 0.012500 0.029167
2 0.079687 0.689583 0.021875 0.033333
2 0.251563 0.577083 0.012500 0.025000
2 0.282813 0.586458 0.015625 0.022917
