0 0.397656 0.909375 0.014063 0.047917
0 0.649219 0.227083 0.035937 0.016667
0 0.335938 0.119792 0.025000 0.027083
2 0.915625 0.971875 0.015625 0.035417
2 0.894531 0.588542 0.060937 0.131250
2 0.687500 0.275000 0.025000 0.054167
2 0.715625 0.328125 0.015625 0.043750
2 0.496094 0.766667 0.014063 0.020833
2 0.328906 0.785417 0.082812 0.187500
2 0.307812 0.962500 0.015625 0.029167
2 0.236719 0.651042 0.010937 0.031250
2 0.271094 0.662500 0.010937 0.025000
2 0.060156 0.704167 0.035937 0.020833
2 0.150781 0.760417 0.023438 0.037500
2 0.183594 0.827083 0.014063 0.033333
2 0.056250 0.772917 0.021875 0.033333
