0 0.325000 0.948958 0.053125 0.060417
0 0.809375 0.839583 0.031250 0.075000
0 0.635938 0.651042 0.034375 0.047917
2 0.123438 0.603125 0.025000 0.060417
2 0.402344 0.340625 0.029687 0.031250
2 0.348438 0.291667 0.012500 0.037500
2 0.200000 0.309375 0.018750 0.022917
2 0.008594 0.294792 0.014063 0.018750
2 0.085938 0.203125 0.012500 0.018750
2 0.104688 0.203125 0.015625 0.018750
2 0.646875 0.250000 0.012500 0.016667
2 0.409375 0.111458 0.015625 0.018750
2 0.349219 0.091667 0.010937 0.016667
2 0.021875 0.270833 0.015625 0.016667
