0 0.692969 0.539583 0.017188 0.033333
0 0.485156 0.304167 0.023438 0.029167
2 0.140625 0.642708 0.112500 0.139583
2 0.598437 0.614583 0.015625 0.020833
2 0.121094 0.989583 0.014063 0.020833
2 0.510938 0.883333 0.015625 0.033333
2 0.814844 0.792708 0.017188 0.027083
2 0.853906 0.812500 0.014063 0.033333
2 0.879687 0.663542 0.018750 0.031250
2 0.930469 0.739583 0.039062 0.041667
2 0.982812 0.765625 0.012500 0.035417
2 0.739844 0.661458 0.064062 0.102083
2 0.764062 0.534375 0.015625 0.022917
2 0.935156 0.451042 0.048438 0.039583
2 0.121094 0.028125 0.023438 0.031250
