1 0.503125 0.214583 0.018750 0.016667
1 0.397656 0.259375 0.185938 0.106250
2 0.162500 0.880208 0.240625 0.210417
2 0.120313 0.734375 0.012500 0.018750
2 0.161719 0.629167 0.029687 0.020833
2 0.341406 0.608333 0.017188 0.033333
2 0.405469 0.594792 0.014063 0.039583
2 0.693750 0.892708 0.031250 0.056250
2 0.954688 0.828125 0.090625 0.039583
2 0.527344 0.266667 0.079687 0.075000
2 0.625000 0.325000 0.078125 0.050000
2 0.436719 0.100000 0.020313 0.050000
2 0.317969 0.107292 0.035937 0.027083
2 0.800000 0.345833 0.018750 0.025000
2 0.505469 0.807292 0.039062 0.089583
2 0.603125 0.521875 0.025000 0.181250
2 0.458594 0.019792 0.032813 0.035417
2 0.550000 0.105208 0.018750 0.206250
