1 0.500000 0.213542 0.025000 0.014583
1 0.398438 0.259375 0.187500 0.106250
2 0.162500 0.881250 0.240625 0.212500
2 0.120313 0.734375 0.012500 0.018750
2 0.161719 0.629167 0.029687 0.020833
2 0.340625 0.603125 0.021875 0.039583
2 0.405469 0.594792 0.014063 0.039583
2 0.693750 0.893750 0.031250 0.058333
2 0.954688 0.828125 0.090625 0.039583
2 0.527344 0.266667 0.079687 0.075000
2 0.628125 0.327083 0.084375 0.050000
2 0.436719 0.102083 0.020313 0.050000
2 0.318750 0.107292 0.037500 0.027083
2 0.800000 0.342708 0.015625 0.018750
2 0.507031 0.810417 0.039062 0.091667
2 0.603125 0.521875 0.025000 0.181250
2 0.458594 0.019792 0.032813 0.035417
2 0.550000 0.105208 0.018750 0.206250
