1 0.501563 0.214583 0.021875 0.016667
1 0.400000 0.258333 0.187500 0.104167
2 0.162500 0.886458 0.240625 0.210417
2 0.120313 0.734375 0.012500 0.018750
2 0.162500 0.628125 0.031250 0.022917
2 0.340625 0.607292 0.021875 0.039583
2 0.406250 0.593750 0.015625 0.041667
2 0.692969 0.894792 0.032813 0.056250
2 0.950000 0.832292 0.090625 0.039583
2 0.527344 0.266667 0.079687 0.075000
2 0.621875 0.327083 0.075000 0.050000
2 0.436719 0.101042 0.017188 0.043750
2 0.317969 0.107292 0.035937 0.027083
2 0.800000 0.347917 0.015625 0.020833
2 0.504687 0.812500 0.037500 0.100000
2 0.604688 0.527083 0.025000 0.183333
2 0.457813 0.020833 0.031250 0.037500
2 0.550000 0.106250 0.018750 0.208333
