1 0.502344 0.215625 0.020313 0.014583
1 0.399219 0.262500 0.185938 0.104167
2 0.162500 0.893750 0.240625 0.208333
2 0.117188 0.746875 0.015625 0.027083
2 0.162500 0.640625 0.015625 0.018750
2 0.340625 0.618750 0.018750 0.037500
2 0.405469 0.603125 0.014063 0.043750
2 0.696094 0.913542 0.029687 0.056250
2 0.959375 0.847917 0.078125 0.041667
2 0.803125 0.350000 0.015625 0.020833
2 0.527344 0.268750 0.082812 0.079167
2 0.628125 0.334375 0.075000 0.039583
2 0.317969 0.108333 0.035937 0.025000
2 0.437500 0.107292 0.018750 0.043750
2 0.508594 0.827083 0.032813 0.095833
2 0.460938 0.020833 0.031250 0.037500
2 0.550000 0.107292 0.021875 0.210417
2 0.604688 0.532292 0.028125 0.185417
