1 0.503125 0.225000 0.018750 0.016667
1 0.399219 0.270833 0.189062 0.108333
2 0.171875 0.902083 0.215625 0.195833
2 0.339844 0.634375 0.017188 0.031250
2 0.403125 0.617708 0.015625 0.043750
2 0.699219 0.932292 0.035937 0.060417
2 0.956250 0.860417 0.084375 0.041667
2 0.109375 0.766667 0.018750 0.025000
2 0.158594 0.655208 0.023438 0.018750
2 0.524219 0.271875 0.082812 0.085417
2 0.625000 0.344792 0.078125 0.043750
2 0.804688 0.361458 0.015625 0.018750
2 0.314844 0.113542 0.032813 0.027083
2 0.437500 0.110417 0.015625 0.045833
2 0.392969 0.015625 0.014063 0.018750
2 0.508594 0.844792 0.032813 0.097917
2 0.551562 0.108333 0.021875 0.212500
2 0.465625 0.019792 0.043750 0.035417
2 0.606250 0.544792 0.025000 0.181250
