1 0.505469 0.229167 0.020313 0.016667
1 0.400000 0.275000 0.190625 0.108333
2 0.179688 0.912500 0.196875 0.175000
2 0.108594 0.782292 0.020313 0.027083
2 0.155469 0.665625 0.023438 0.018750
2 0.337500 0.640625 0.018750 0.043750
2 0.403125 0.628125 0.015625 0.043750
2 0.703125 0.959375 0.037500 0.072917
2 0.956250 0.878125 0.068750 0.039583
2 0.809375 0.368750 0.015625 0.025000
2 0.526563 0.282292 0.081250 0.081250
2 0.636719 0.356250 0.085938 0.050000
2 0.314844 0.116667 0.035937 0.025000
2 0.437500 0.112500 0.018750 0.050000
2 0.508594 0.862500 0.032813 0.100000
2 0.553125 0.108333 0.021875 0.212500
2 0.461719 0.019792 0.035937 0.035417
2 0.607812 0.556250 0.025000 0.191667
