1 0.500781 0.236458 0.020313 0.018750
1 0.395313 0.287500 0.196875 0.108333
2 0.193750 0.925000 0.150000 0.145833
2 0.146875 0.694792 0.018750 0.022917
2 0.100000 0.809375 0.021875 0.031250
2 0.332813 0.665625 0.021875 0.047917
2 0.400000 0.652083 0.015625 0.041667
2 0.686719 0.959375 0.048438 0.081250
2 0.962500 0.906250 0.075000 0.050000
2 0.525000 0.291667 0.084375 0.087500
2 0.621094 0.362500 0.070312 0.037500
2 0.306250 0.122917 0.025000 0.020833
2 0.434375 0.122917 0.018750 0.045833
2 0.810937 0.383333 0.015625 0.025000
2 0.506250 0.889583 0.034375 0.104167
2 0.552344 0.116667 0.023438 0.229167
2 0.468750 0.023958 0.053125 0.043750
2 0.606250 0.576042 0.028125 0.202083
