1 0.503125 0.247917 0.018750 0.016667
1 0.396875 0.296875 0.196875 0.114583
2 0.210938 0.941667 0.115625 0.116667
2 0.331250 0.687500 0.018750 0.041667
2 0.400000 0.673958 0.012500 0.043750
2 0.680469 0.971875 0.039062 0.052083
2 0.817969 0.395833 0.014063 0.025000
2 0.309375 0.128125 0.034375 0.027083
2 0.434375 0.129167 0.015625 0.045833
2 0.396875 0.008333 0.015625 0.012500
2 0.528125 0.303125 0.084375 0.089583
2 0.621094 0.372917 0.048438 0.037500
2 0.507812 0.921875 0.034375 0.110417
2 0.555469 0.122917 0.023438 0.241667
2 0.471875 0.026042 0.053125 0.047917
2 0.610156 0.592708 0.029687 0.214583
