1 0.508594 0.268750 0.020313 0.016667
1 0.398438 0.319792 0.203125 0.114583
2 0.231250 0.968750 0.059375 0.062500
2 0.513281 0.958333 0.029687 0.083333
2 0.329688 0.728125 0.018750 0.043750
2 0.400000 0.713542 0.012500 0.052083
2 0.829688 0.426042 0.015625 0.027083
2 0.530469 0.329167 0.079687 0.083333
2 0.631250 0.404167 0.062500 0.041667
2 0.314063 0.145833 0.034375 0.029167
2 0.439844 0.144792 0.017188 0.047917
2 0.400000 0.019792 0.015625 0.018750
2 0.830469 0.020833 0.039062 0.037500
2 0.396875 0.040625 0.012500 0.018750
2 0.380469 0.015625 0.014063 0.018750
2 0.616406 0.634375 0.026562 0.222917
2 0.560937 0.135417 0.021875 0.266667
2 0.475781 0.038542 0.057813 0.060417
