1 0.503125 0.315625 0.021875 0.018750
1 0.389844 0.369792 0.204687 0.122917
2 0.116406 0.843750 0.014063 0.020833
2 0.317969 0.815625 0.020313 0.043750
2 0.390625 0.797917 0.012500 0.054167
2 0.835938 0.482292 0.012500 0.018750
2 0.522656 0.368750 0.092188 0.104167
2 0.637500 0.461458 0.068750 0.043750
2 0.300781 0.183333 0.032813 0.025000
2 0.432031 0.184375 0.017188 0.052083
2 0.392969 0.052083 0.010937 0.016667
2 0.387500 0.073958 0.009375 0.014583
2 0.372656 0.051042 0.010937 0.014583
2 0.835156 0.046875 0.042188 0.056250
2 0.617969 0.711458 0.032813 0.243750
2 0.555469 0.166667 0.020313 0.304167
2 0.469531 0.067708 0.060937 0.064583
