1 0.504687 0.332292 0.021875 0.018750
1 0.389062 0.386458 0.209375 0.131250
2 0.311719 0.852083 0.020313 0.050000
2 0.386719 0.831250 0.014063 0.062500
2 0.845313 0.506250 0.012500 0.020833
2 0.530469 0.396875 0.092188 0.106250
2 0.651563 0.488542 0.090625 0.060417
2 0.299219 0.196875 0.032813 0.027083
2 0.434375 0.193750 0.018750 0.050000
2 0.395313 0.060417 0.012500 0.016667
2 0.845313 0.056250 0.053125 0.058333
2 0.372656 0.057292 0.014063 0.018750
2 0.621094 0.737500 0.029687 0.258333
2 0.471875 0.076042 0.059375 0.064583
2 0.559375 0.165625 0.021875 0.310417
