1 0.505469 0.359375 0.020313 0.018750
1 0.385937 0.416667 0.218750 0.137500
2 0.305469 0.909375 0.020313 0.047917
2 0.383594 0.891667 0.017188 0.058333
2 0.852344 0.542708 0.014063 0.018750
2 0.529687 0.426042 0.100000 0.118750
2 0.646094 0.517708 0.085938 0.056250
2 0.293750 0.215625 0.037500 0.031250
2 0.430469 0.215625 0.017188 0.056250
2 0.390625 0.071875 0.009375 0.018750
2 0.384375 0.097917 0.009375 0.016667
2 0.368750 0.072917 0.009375 0.016667
2 0.846875 0.068750 0.043750 0.058333
2 0.434375 0.046875 0.009375 0.018750
2 0.418750 0.037500 0.009375 0.016667
2 0.625000 0.796875 0.031250 0.264583
2 0.560156 0.193750 0.020313 0.325000
2 0.470313 0.093750 0.062500 0.070833
