1 0.504687 0.366667 0.021875 0.016667
1 0.382812 0.423958 0.215625 0.135417
2 0.304688 0.930208 0.015625 0.043750
2 0.381250 0.904167 0.012500 0.062500
2 0.530469 0.437500 0.089063 0.104167
2 0.638281 0.523958 0.064062 0.047917
2 0.295312 0.223958 0.037500 0.031250
2 0.430469 0.218750 0.017188 0.054167
2 0.367969 0.077083 0.014063 0.016667
2 0.385156 0.105208 0.010937 0.014583
2 0.390625 0.079167 0.012500 0.020833
2 0.418750 0.044792 0.009375 0.014583
2 0.850000 0.075000 0.053125 0.062500
2 0.625000 0.811458 0.031250 0.268750
2 0.557813 0.217708 0.021875 0.293750
2 0.472656 0.095833 0.054688 0.062500
