1 0.608594 0.687500 0.026562 0.025000
1 0.450781 0.750000 0.273438 0.187500
2 0.639062 0.813542 0.112500 0.197917
2 0.750000 0.962500 0.059375 0.066667
2 0.371875 0.425000 0.034375 0.037500
2 0.534375 0.446875 0.021875 0.081250
2 0.480469 0.234375 0.014063 0.022917
2 0.496875 0.276042 0.012500 0.022917
2 0.506250 0.240625 0.009375 0.022917
2 0.555469 0.109375 0.010937 0.018750
2 0.940625 0.095833 0.028125 0.075000
2 0.542969 0.198958 0.010937 0.022917
2 0.560156 0.213542 0.010937 0.022917
2 0.714844 0.312500 0.014063 0.025000
2 0.596875 0.282292 0.078125 0.077083
1 0.619531 0.725000 0.020313 0.029167
