1 0.609375 0.727083 0.025000 0.029167
1 0.449219 0.791667 0.273438 0.195833
2 0.639844 0.856250 0.110937 0.187500
2 0.373437 0.456250 0.037500 0.037500
2 0.535937 0.482292 0.018750 0.077083
2 0.507812 0.265625 0.012500 0.022917
2 0.496094 0.296875 0.010937 0.027083
2 0.482812 0.257292 0.015625 0.022917
2 0.557031 0.127083 0.014063 0.020833
2 0.545312 0.220833 0.012500 0.020833
2 0.562500 0.233333 0.009375 0.020833
2 0.719531 0.336458 0.014063 0.022917
2 0.948438 0.112500 0.028125 0.083333
2 0.599219 0.303125 0.076563 0.085417
1 0.614844 0.768750 0.029687 0.025000
