1 0.608594 0.762500 0.026562 0.033333
1 0.443750 0.835417 0.284375 0.204167
2 0.642188 0.901042 0.118750 0.197917
2 0.360156 0.481250 0.029687 0.037500
2 0.529687 0.507292 0.018750 0.081250
2 0.475000 0.277083 0.015625 0.020833
2 0.501563 0.282292 0.012500 0.022917
2 0.489844 0.316667 0.010937 0.020833
2 0.717187 0.355208 0.012500 0.022917
2 0.539062 0.237500 0.012500 0.020833
2 0.557813 0.253125 0.009375 0.014583
2 0.551562 0.143750 0.012500 0.016667
2 0.946875 0.126042 0.028125 0.081250
2 0.600000 0.320833 0.068750 0.075000
1 0.612500 0.807292 0.028125 0.035417
