1 0.607031 0.805208 0.026562 0.031250
1 0.436719 0.883333 0.292187 0.216667
2 0.625000 0.928125 0.078125 0.143750
2 0.353125 0.509375 0.034375 0.043750
2 0.527344 0.535417 0.020313 0.095833
2 0.465625 0.291667 0.018750 0.025000
2 0.485938 0.337500 0.012500 0.025000
2 0.496875 0.300000 0.012500 0.029167
2 0.553125 0.270833 0.012500 0.025000
2 0.715625 0.376042 0.015625 0.022917
2 0.546875 0.160417 0.012500 0.020833
2 0.946875 0.135417 0.028125 0.083333
2 0.590625 0.346875 0.075000 0.085417
1 0.612500 0.852083 0.028125 0.033333
