1 0.556250 0.079167 0.028125 0.083333
1 0.564063 0.016667 0.040625 0.029167
1 0.593750 0.004167 0.015625 0.004167
2 0.221875 0.979167 0.037500 0.041667
2 0.454688 0.959375 0.018750 0.077083
2 0.493750 0.820833 0.015625 0.025000
2 0.389844 0.675000 0.010937 0.029167
2 0.365625 0.610417 0.018750 0.033333
2 0.403125 0.615625 0.012500 0.027083
2 0.454688 0.387500 0.012500 0.025000
2 0.681250 0.696875 0.012500 0.027083
2 0.914844 0.307292 0.042188 0.106250
2 0.890625 0.053125 0.012500 0.018750
2 0.521875 0.676042 0.087500 0.143750
1 0.675781 0.763542 0.032813 0.472917
