1 0.521094 0.137500 0.032813 0.091667
1 0.528125 0.047917 0.050000 0.066667
1 0.578906 0.045833 0.051562 0.012500
2 0.674219 0.841667 0.020313 0.029167
2 0.328906 0.758333 0.020313 0.029167
2 0.367969 0.765625 0.014063 0.035417
2 0.355469 0.834375 0.014063 0.035417
2 0.420312 0.490625 0.015625 0.027083
2 0.415625 0.662500 0.009375 0.025000
2 0.441406 0.687500 0.010937 0.025000
2 0.905469 0.373958 0.048438 0.122917
2 0.870313 0.094792 0.012500 0.018750
1 0.664062 0.791667 0.046875 0.416667
2 0.500000 0.822917 0.093750 0.166667
1 0.228125 0.744792 0.028125 0.085417
