1 0.748437 0.928125 0.146875 0.097917
1 0.910156 0.900000 0.179688 0.150000
2 0.270313 0.714583 0.012500 0.020833
2 0.353125 0.915625 0.015625 0.081250
2 0.686719 0.770833 0.020313 0.054167
2 0.802344 0.735417 0.054688 0.054167
2 0.971094 0.340625 0.014063 0.018750
2 0.343750 0.116667 0.015625 0.037500
2 0.303125 0.248958 0.015625 0.018750
2 0.327344 0.278125 0.017188 0.039583
2 0.121875 0.258333 0.012500 0.025000
2 0.037500 0.415625 0.028125 0.056250
2 0.992188 0.700000 0.012500 0.025000
1 0.985156 0.988542 0.023438 0.022917
1 0.836719 0.982292 0.057813 0.035417
