1 0.749219 0.903125 0.142187 0.097917
1 0.910156 0.879167 0.179688 0.145833
2 0.275781 0.692708 0.010937 0.018750
2 0.357812 0.889583 0.015625 0.070833
2 0.686719 0.752083 0.020313 0.054167
2 0.801562 0.714583 0.053125 0.045833
2 0.988281 0.683333 0.014063 0.025000
2 0.970313 0.332292 0.012500 0.018750
2 0.353125 0.111458 0.012500 0.035417
2 0.310937 0.242708 0.012500 0.022917
2 0.334375 0.270833 0.015625 0.029167
2 0.048438 0.401042 0.028125 0.052083
2 0.132031 0.246875 0.014063 0.027083
1 0.983594 0.967708 0.032813 0.035417
1 0.818750 0.964583 0.081250 0.058333
