1 0.739844 0.889583 0.151562 0.100000
1 0.907813 0.864583 0.184375 0.150000
2 0.276562 0.681250 0.012500 0.025000
2 0.359375 0.878125 0.018750 0.085417
2 0.685156 0.741667 0.026562 0.066667
2 0.800781 0.700000 0.054688 0.050000
2 0.984375 0.672917 0.012500 0.025000
2 0.966406 0.322917 0.014063 0.016667
2 0.349219 0.106250 0.014063 0.037500
2 0.309375 0.234375 0.012500 0.018750
2 0.332813 0.263542 0.015625 0.035417
2 0.128906 0.241667 0.010937 0.025000
2 0.048438 0.397917 0.028125 0.050000
2 0.709375 0.985417 0.109375 0.029167
2 0.390625 0.981250 0.206250 0.033333
1 0.812500 0.952083 0.090625 0.062500
1 0.982031 0.960417 0.035937 0.062500
