1 0.746094 0.843750 0.132812 0.095833
1 0.906250 0.818750 0.187500 0.137500
2 0.364063 0.830208 0.012500 0.072917
2 0.283594 0.644792 0.010937 0.018750
2 0.682031 0.702083 0.017188 0.054167
2 0.792188 0.667708 0.053125 0.047917
2 0.975781 0.637500 0.014063 0.020833
2 0.960938 0.303125 0.012500 0.018750
2 0.355469 0.090625 0.014063 0.035417
2 0.314844 0.216667 0.010937 0.020833
2 0.336719 0.247917 0.017188 0.037500
2 0.138281 0.220833 0.010937 0.025000
2 0.060156 0.369792 0.026562 0.043750
2 0.500000 0.956250 0.506250 0.087500
1 0.802344 0.906250 0.092188 0.066667
