1 0.363281 0.715625 0.104688 0.077083
1 0.459375 0.601042 0.131250 0.156250
1 0.685937 0.330208 0.062500 0.106250
1 0.610938 0.314583 0.087500 0.033333
1 0.710938 0.219792 0.037500 0.106250
2 0.152344 0.952083 0.014063 0.025000
2 0.337500 0.551042 0.028125 0.077083
2 0.705469 0.678125 0.014063 0.027083
2 0.473438 0.010417 0.018750 0.016667
2 0.321875 0.175000 0.015625 0.020833
2 0.449219 0.421875 0.014063 0.018750
2 0.311719 0.909375 0.132812 0.168750
1 0.423438 0.728125 0.059375 0.139583
2 0.787500 0.604167 0.075000 0.116667
2 0.875000 0.912500 0.021875 0.162500
1 0.542969 0.384375 0.057813 0.106250
2 0.609375 0.209375 0.056250 0.156250
1 0.504687 0.951042 0.018750 0.056250
