1 0.379688 0.979167 0.056250 0.041667
1 0.464844 0.853125 0.157812 0.210417
1 0.735156 0.498958 0.076563 0.147917
1 0.654687 0.477083 0.084375 0.045833
1 0.761719 0.353125 0.042188 0.131250
2 0.321094 0.787500 0.032813 0.087500
2 0.459375 0.605208 0.012500 0.018750
2 0.756250 0.978125 0.012500 0.031250
2 0.325000 0.288542 0.012500 0.018750
2 0.499219 0.072917 0.020313 0.045833
2 0.517188 0.035417 0.012500 0.020833
2 0.854688 0.868750 0.096875 0.175000
1 0.568750 0.563542 0.065625 0.143750
2 0.637500 0.359375 0.050000 0.168750
1 0.443750 0.977083 0.028125 0.045833
