1 0.809375 0.912500 0.106250 0.175000
1 0.699219 0.900000 0.117188 0.087500
1 0.840625 0.713542 0.053125 0.210417
2 0.295312 0.579167 0.015625 0.025000
2 0.518750 0.263542 0.025000 0.064583
2 0.534375 0.050000 0.068750 0.058333
2 0.962500 0.038542 0.018750 0.035417
2 0.539844 0.209375 0.017188 0.027083
2 0.987500 0.301042 0.012500 0.022917
1 0.606250 0.932292 0.062500 0.135417
1 0.689844 0.725000 0.070312 0.262500
1 0.775000 0.641667 0.050000 0.108333
1 0.532031 0.688542 0.107813 0.202083
2 0.924219 0.129167 0.064062 0.054167
