1 0.743750 0.255208 0.181250 0.122917
2 0.167969 0.855208 0.117188 0.185417
2 0.660156 0.695833 0.014063 0.025000
2 0.918750 0.818750 0.015625 0.029167
2 0.953906 0.842708 0.014063 0.031250
2 0.942187 0.435417 0.053125 0.033333
1 0.712500 0.972917 0.025000 0.054167
1 0.925000 0.944792 0.090625 0.110417
1 0.971875 0.763542 0.056250 0.102083
2 0.809375 0.781250 0.046875 0.137500
2 0.743750 0.494792 0.037500 0.106250
2 0.796875 0.463542 0.034375 0.068750
2 0.687500 0.818750 0.046875 0.237500
2 0.821875 0.669792 0.028125 0.072917
2 0.973437 0.326042 0.028125 0.052083
