1 0.736719 0.282292 0.176563 0.131250
2 0.148438 0.918750 0.106250 0.162500
2 0.660937 0.754167 0.015625 0.025000
2 0.928125 0.881250 0.015625 0.025000
2 0.964844 0.905208 0.017188 0.035417
2 0.946094 0.469792 0.051562 0.035417
1 0.935937 0.978125 0.021875 0.039583
1 0.978125 0.807292 0.043750 0.089583
2 0.817969 0.843750 0.045312 0.137500
2 0.787500 0.490625 0.040625 0.068750
2 0.742188 0.525000 0.040625 0.125000
2 0.683594 0.879167 0.051562 0.241667
2 0.828125 0.712500 0.031250 0.087500
2 0.975000 0.354167 0.031250 0.050000
