3 0.114543 0.050321 0.084375 0.041667
3 0.150962 0.055128 0.011058 0.015385
3 0.195192 0.573878 0.016346 0.021474
3 0.152524 0.749519 0.061779 0.100321
3 0.074880 0.630288 0.099279 0.118910
3 0.198798 0.640705 0.059615 0.063462
3 0.802043 0.138622 0.132452 0.115705
3 0.943630 0.150962 0.014183 0.109615
3 0.906250 0.229487 0.090385 0.094872
3 0.903365 0.777724 0.120192 0.146474
3 0.745313 0.666186 0.032933 0.039423
3 0.866226 0.986218 0.032452 0.025641
3 0.457212 0.784455 0.075962 0.254167
3 0.404207 0.123718 0.074760 0.051282
3 0.623678 0.558173 0.048798 0.043269
