3 0.285131 0.225337 0.136438 0.112439
3 0.463235 0.946385 0.024510 0.017770
3 0.207516 0.627451 0.006536 0.013480
3 0.212010 0.615809 0.020425 0.011029
3 0.213235 0.652267 0.006536 0.010417
3 0.205882 0.652574 0.008170 0.012255
3 0.012663 0.775429 0.022059 0.012868
3 0.062092 0.455882 0.011438 0.012255
3 0.062092 0.426777 0.006536 0.012868
3 0.052696 0.392770 0.012255 0.009804
3 0.062092 0.416360 0.004902 0.009191
3 0.438725 0.132047 0.006536 0.009191
3 0.460376 0.121324 0.010621 0.007353
3 0.489788 0.235600 0.022059 0.006740
3 0.754493 0.439032 0.008987 0.011642
3 0.799020 0.818934 0.021242 0.016544
3 0.029412 0.534007 0.019608 0.006740
3 0.275735 0.575061 0.004085 0.012868
